(kicad_pcb (version 20171130) (host pcbnew 5.1.6)

  (general
    (thickness 1.6)
    (drawings 265)
    (tracks 526)
    (zones 0)
    (modules 22)
    (nets 53)
  )

  (page USLetter)
  (layers
    (0 F.Cu signal)
    (31 B.Cu signal)
    (32 B.Adhes user)
    (33 F.Adhes user)
    (34 B.Paste user)
    (35 F.Paste user)
    (36 B.SilkS user)
    (37 F.SilkS user)
    (38 B.Mask user)
    (39 F.Mask user)
    (40 Dwgs.User user)
    (41 Cmts.User user)
    (42 Eco1.User user)
    (43 Eco2.User user)
    (44 Edge.Cuts user)
    (45 Margin user)
    (46 B.CrtYd user)
    (47 F.CrtYd user)
    (48 B.Fab user)
    (49 F.Fab user)
  )

  (setup
    (last_trace_width 0.2)
    (user_trace_width 0.3)
    (user_trace_width 0.5)
    (trace_clearance 0.2)
    (zone_clearance 0.2)
    (zone_45_only no)
    (trace_min 0.2)
    (via_size 0.8)
    (via_drill 0.4)
    (via_min_size 0.4)
    (via_min_drill 0.3)
    (uvia_size 0.3)
    (uvia_drill 0.1)
    (uvias_allowed no)
    (uvia_min_size 0.2)
    (uvia_min_drill 0.1)
    (edge_width 0.05)
    (segment_width 0.2)
    (pcb_text_width 0.3)
    (pcb_text_size 1.5 1.5)
    (mod_edge_width 0.12)
    (mod_text_size 1 1)
    (mod_text_width 0.15)
    (pad_size 1.524 1.524)
    (pad_drill 0.762)
    (pad_to_mask_clearance 0.05)
    (aux_axis_origin 0 0)
    (visible_elements FFFFFF7F)
    (pcbplotparams
      (layerselection 0x010fc_ffffffff)
      (usegerberextensions false)
      (usegerberattributes true)
      (usegerberadvancedattributes true)
      (creategerberjobfile true)
      (excludeedgelayer true)
      (linewidth 0.100000)
      (plotframeref false)
      (viasonmask false)
      (mode 1)
      (useauxorigin false)
      (hpglpennumber 1)
      (hpglpenspeed 20)
      (hpglpendiameter 15.000000)
      (psnegative false)
      (psa4output false)
      (plotreference true)
      (plotvalue true)
      (plotinvisibletext false)
      (padsonsilk false)
      (subtractmaskfromsilk false)
      (outputformat 1)
      (mirror false)
      (drillshape 1)
      (scaleselection 1)
      (outputdirectory ""))
  )

  (net 0 "")
  (net 1 GND)
  (net 2 /LOW9)
  (net 3 /LOW8)
  (net 4 /LOW7)
  (net 5 /LOW6)
  (net 6 /LOW5)
  (net 7 +5V)
  (net 8 /LOW4)
  (net 9 /LOW3)
  (net 10 /LOW2)
  (net 11 /LOW1)
  (net 12 /LOW0)
  (net 13 /HIGH7)
  (net 14 /HIGH6)
  (net 15 /HIGH5)
  (net 16 /HIGH4)
  (net 17 /HIGH3)
  (net 18 /HIGH2)
  (net 19 /HIGH1)
  (net 20 /HIGH0)
  (net 21 /LOW10)
  (net 22 "Net-(U101-Pad6)")
  (net 23 "Net-(U101-Pad5)")
  (net 24 "Net-(U101-Pad4)")
  (net 25 /LOW13)
  (net 26 /LOW12)
  (net 27 /LOW11)
  (net 28 /LOW15)
  (net 29 /LOW14)
  (net 30 /USBD-)
  (net 31 /USBD+)
  (net 32 /SWCLK)
  (net 33 /SWDIO)
  (net 34 /~RESET)
  (net 35 +3V3)
  (net 36 "Net-(J101-Pad8)")
  (net 37 "Net-(J101-Pad7)")
  (net 38 "Net-(J101-Pad6)")
  (net 39 /TIM2_CH1)
  (net 40 /TIM1_CH3)
  (net 41 /TIM1_CH2)
  (net 42 /BACKLIGHT_ANODES)
  (net 43 "Net-(Q101-Pad1)")
  (net 44 "Net-(C108-Pad1)")
  (net 45 /BACKLIGHT_PWM)
  (net 46 /STATUS0)
  (net 47 /STATUS1)
  (net 48 "Net-(H202-Pad15)")
  (net 49 "Net-(H202-Pad13)")
  (net 50 /BOOT0)
  (net 51 "Net-(Q101-Pad3)")
  (net 52 "Net-(J102-Pad6)")

  (net_class Default "This is the default net class."
    (clearance 0.2)
    (trace_width 0.2)
    (via_dia 0.8)
    (via_drill 0.4)
    (uvia_dia 0.3)
    (uvia_drill 0.1)
    (add_net +3V3)
    (add_net +5V)
    (add_net /BACKLIGHT_ANODES)
    (add_net /BACKLIGHT_PWM)
    (add_net /BOOT0)
    (add_net /HIGH0)
    (add_net /HIGH1)
    (add_net /HIGH2)
    (add_net /HIGH3)
    (add_net /HIGH4)
    (add_net /HIGH5)
    (add_net /HIGH6)
    (add_net /HIGH7)
    (add_net /LOW0)
    (add_net /LOW1)
    (add_net /LOW10)
    (add_net /LOW11)
    (add_net /LOW12)
    (add_net /LOW13)
    (add_net /LOW14)
    (add_net /LOW15)
    (add_net /LOW2)
    (add_net /LOW3)
    (add_net /LOW4)
    (add_net /LOW5)
    (add_net /LOW6)
    (add_net /LOW7)
    (add_net /LOW8)
    (add_net /LOW9)
    (add_net /STATUS0)
    (add_net /STATUS1)
    (add_net /SWCLK)
    (add_net /SWDIO)
    (add_net /TIM1_CH2)
    (add_net /TIM1_CH3)
    (add_net /TIM2_CH1)
    (add_net /USBD+)
    (add_net /USBD-)
    (add_net /~RESET)
    (add_net GND)
    (add_net "Net-(C108-Pad1)")
    (add_net "Net-(H202-Pad13)")
    (add_net "Net-(H202-Pad15)")
    (add_net "Net-(J101-Pad6)")
    (add_net "Net-(J101-Pad7)")
    (add_net "Net-(J101-Pad8)")
    (add_net "Net-(J102-Pad6)")
    (add_net "Net-(Q101-Pad1)")
    (add_net "Net-(Q101-Pad3)")
    (add_net "Net-(U101-Pad4)")
    (add_net "Net-(U101-Pad5)")
    (add_net "Net-(U101-Pad6)")
  )

  (module Connector:Tag-Connect_TC2030-IDC-NL_2x03_P1.27mm_Vertical (layer B.Cu) (tedit 5A29CEA9) (tstamp 5F33EF02)
    (at 126.184 53.73 270)
    (descr "Tag-Connect programming header; http://www.tag-connect.com/Materials/TC2030-IDC-NL.pdf")
    (tags "tag connect programming header pogo pins")
    (path /5F3772D3)
    (attr virtual)
    (fp_text reference J102 (at 3.87 -0.016 180) (layer B.SilkS)
      (effects (font (size 0.75 0.75) (thickness 0.15)) (justify mirror))
    )
    (fp_text value TC2030 (at 0 2.3 90) (layer B.Fab)
      (effects (font (size 0.75 0.75) (thickness 0.15)) (justify mirror))
    )
    (fp_text user KEEPOUT (at 0 0 90) (layer Cmts.User)
      (effects (font (size 0.4 0.4) (thickness 0.07)))
    )
    (fp_text user %R (at 0 0 90) (layer B.Fab)
      (effects (font (size 0.75 0.75) (thickness 0.15)) (justify mirror))
    )
    (fp_line (start -1.905 -1.27) (end -1.905 -0.635) (layer B.SilkS) (width 0.12))
    (fp_line (start -1.27 -1.27) (end -1.905 -1.27) (layer B.SilkS) (width 0.12))
    (fp_line (start -3.5 -2) (end -3.5 2) (layer B.CrtYd) (width 0.05))
    (fp_line (start 3.5 -2) (end -3.5 -2) (layer B.CrtYd) (width 0.05))
    (fp_line (start 3.5 2) (end 3.5 -2) (layer B.CrtYd) (width 0.05))
    (fp_line (start -3.5 2) (end 3.5 2) (layer B.CrtYd) (width 0.05))
    (fp_line (start -1.27 -0.635) (end -1.27 0.635) (layer Dwgs.User) (width 0.1))
    (fp_line (start 1.27 -0.635) (end -1.27 -0.635) (layer Dwgs.User) (width 0.1))
    (fp_line (start 1.27 0.635) (end 1.27 -0.635) (layer Dwgs.User) (width 0.1))
    (fp_line (start -1.27 0.635) (end 1.27 0.635) (layer Dwgs.User) (width 0.1))
    (fp_line (start -1.27 -0.635) (end 0 0.635) (layer Dwgs.User) (width 0.1))
    (fp_line (start -1.27 0) (end -0.635 0.635) (layer Dwgs.User) (width 0.1))
    (fp_line (start -0.635 -0.635) (end 0.635 0.635) (layer Dwgs.User) (width 0.1))
    (fp_line (start 0 -0.635) (end 1.27 0.635) (layer Dwgs.User) (width 0.1))
    (fp_line (start 0.635 -0.635) (end 1.27 0) (layer Dwgs.User) (width 0.1))
    (pad 6 connect circle (at 1.27 0.635 270) (size 0.7874 0.7874) (layers B.Cu B.Mask)
      (net 52 "Net-(J102-Pad6)"))
    (pad 5 connect circle (at 1.27 -0.635 270) (size 0.7874 0.7874) (layers B.Cu B.Mask)
      (net 1 GND))
    (pad 4 connect circle (at 0 0.635 270) (size 0.7874 0.7874) (layers B.Cu B.Mask)
      (net 32 /SWCLK))
    (pad 3 connect circle (at 0 -0.635 270) (size 0.7874 0.7874) (layers B.Cu B.Mask)
      (net 34 /~RESET))
    (pad 2 connect circle (at -1.27 0.635 270) (size 0.7874 0.7874) (layers B.Cu B.Mask)
      (net 33 /SWDIO))
    (pad 1 connect circle (at -1.27 -0.635 270) (size 0.7874 0.7874) (layers B.Cu B.Mask)
      (net 35 +3V3))
    (pad "" np_thru_hole circle (at -2.54 0 270) (size 0.9906 0.9906) (drill 0.9906) (layers *.Cu *.Mask))
    (pad "" np_thru_hole circle (at 2.54 -1.016 270) (size 0.9906 0.9906) (drill 0.9906) (layers *.Cu *.Mask))
    (pad "" np_thru_hole circle (at 2.54 1.016 270) (size 0.9906 0.9906) (drill 0.9906) (layers *.Cu *.Mask))
  )

  (module Resistor_SMD:R_0603_1608Metric (layer F.Cu) (tedit 5B301BBD) (tstamp 5F33516B)
    (at 133 67.9875 270)
    (descr "Resistor SMD 0603 (1608 Metric), square (rectangular) end terminal, IPC_7351 nominal, (Body size source: http://www.tortai-tech.com/upload/download/2011102023233369053.pdf), generated with kicad-footprint-generator")
    (tags resistor)
    (path /5F48A395)
    (attr smd)
    (fp_text reference R102 (at 0.0125 1.4 90) (layer F.SilkS)
      (effects (font (size 0.75 0.75) (thickness 0.15)))
    )
    (fp_text value 1k (at 0 1.43 90) (layer F.Fab)
      (effects (font (size 0.75 0.75) (thickness 0.15)))
    )
    (fp_line (start 1.48 0.73) (end -1.48 0.73) (layer F.CrtYd) (width 0.05))
    (fp_line (start 1.48 -0.73) (end 1.48 0.73) (layer F.CrtYd) (width 0.05))
    (fp_line (start -1.48 -0.73) (end 1.48 -0.73) (layer F.CrtYd) (width 0.05))
    (fp_line (start -1.48 0.73) (end -1.48 -0.73) (layer F.CrtYd) (width 0.05))
    (fp_line (start -0.162779 0.51) (end 0.162779 0.51) (layer F.SilkS) (width 0.12))
    (fp_line (start -0.162779 -0.51) (end 0.162779 -0.51) (layer F.SilkS) (width 0.12))
    (fp_line (start 0.8 0.4) (end -0.8 0.4) (layer F.Fab) (width 0.1))
    (fp_line (start 0.8 -0.4) (end 0.8 0.4) (layer F.Fab) (width 0.1))
    (fp_line (start -0.8 -0.4) (end 0.8 -0.4) (layer F.Fab) (width 0.1))
    (fp_line (start -0.8 0.4) (end -0.8 -0.4) (layer F.Fab) (width 0.1))
    (fp_text user %R (at 0 0 90) (layer F.Fab)
      (effects (font (size 0.75 0.75) (thickness 0.15)))
    )
    (pad 2 smd roundrect (at 0.7875 0 270) (size 0.875 0.95) (layers F.Cu F.Paste F.Mask) (roundrect_rratio 0.25)
      (net 51 "Net-(Q101-Pad3)"))
    (pad 1 smd roundrect (at -0.7875 0 270) (size 0.875 0.95) (layers F.Cu F.Paste F.Mask) (roundrect_rratio 0.25)
      (net 7 +5V))
    (model ${KISYS3DMOD}/Resistor_SMD.3dshapes/R_0603_1608Metric.wrl
      (at (xyz 0 0 0))
      (scale (xyz 1 1 1))
      (rotate (xyz 0 0 0))
    )
  )

  (module Package_TO_SOT_SMD:SOT-23 (layer F.Cu) (tedit 5A02FF57) (tstamp 5F335149)
    (at 135.7 67.95 180)
    (descr "SOT-23, Standard")
    (tags SOT-23)
    (path /5F488383)
    (attr smd)
    (fp_text reference Q102 (at -0.3 2.35) (layer F.SilkS)
      (effects (font (size 0.75 0.75) (thickness 0.15)))
    )
    (fp_text value ZXTP25020CFFTA (at 0 2.5) (layer F.Fab)
      (effects (font (size 0.75 0.75) (thickness 0.15)))
    )
    (fp_line (start 0.76 1.58) (end -0.7 1.58) (layer F.SilkS) (width 0.12))
    (fp_line (start 0.76 -1.58) (end -1.4 -1.58) (layer F.SilkS) (width 0.12))
    (fp_line (start -1.7 1.75) (end -1.7 -1.75) (layer F.CrtYd) (width 0.05))
    (fp_line (start 1.7 1.75) (end -1.7 1.75) (layer F.CrtYd) (width 0.05))
    (fp_line (start 1.7 -1.75) (end 1.7 1.75) (layer F.CrtYd) (width 0.05))
    (fp_line (start -1.7 -1.75) (end 1.7 -1.75) (layer F.CrtYd) (width 0.05))
    (fp_line (start 0.76 -1.58) (end 0.76 -0.65) (layer F.SilkS) (width 0.12))
    (fp_line (start 0.76 1.58) (end 0.76 0.65) (layer F.SilkS) (width 0.12))
    (fp_line (start -0.7 1.52) (end 0.7 1.52) (layer F.Fab) (width 0.1))
    (fp_line (start 0.7 -1.52) (end 0.7 1.52) (layer F.Fab) (width 0.1))
    (fp_line (start -0.7 -0.95) (end -0.15 -1.52) (layer F.Fab) (width 0.1))
    (fp_line (start -0.15 -1.52) (end 0.7 -1.52) (layer F.Fab) (width 0.1))
    (fp_line (start -0.7 -0.95) (end -0.7 1.5) (layer F.Fab) (width 0.1))
    (fp_text user %R (at 0 0 90) (layer F.Fab)
      (effects (font (size 0.75 0.75) (thickness 0.15)))
    )
    (pad 3 smd rect (at 1 0 180) (size 0.9 0.8) (layers F.Cu F.Paste F.Mask)
      (net 42 /BACKLIGHT_ANODES))
    (pad 2 smd rect (at -1 0.95 180) (size 0.9 0.8) (layers F.Cu F.Paste F.Mask)
      (net 7 +5V))
    (pad 1 smd rect (at -1 -0.95 180) (size 0.9 0.8) (layers F.Cu F.Paste F.Mask)
      (net 51 "Net-(Q101-Pad3)"))
    (model ${KISYS3DMOD}/Package_TO_SOT_SMD.3dshapes/SOT-23.wrl
      (at (xyz 0 0 0))
      (scale (xyz 1 1 1))
      (rotate (xyz 0 0 0))
    )
  )

  (module Resistor_SMD:R_0603_1608Metric (layer B.Cu) (tedit 5B301BBD) (tstamp 5F33D35B)
    (at 118.5875 51.2)
    (descr "Resistor SMD 0603 (1608 Metric), square (rectangular) end terminal, IPC_7351 nominal, (Body size source: http://www.tortai-tech.com/upload/download/2011102023233369053.pdf), generated with kicad-footprint-generator")
    (tags resistor)
    (path /5F4B8B68)
    (attr smd)
    (fp_text reference R105 (at 0 1.43) (layer B.SilkS)
      (effects (font (size 0.75 0.75) (thickness 0.15)) (justify mirror))
    )
    (fp_text value 10k (at 0 -1.43) (layer B.Fab)
      (effects (font (size 0.75 0.75) (thickness 0.15)) (justify mirror))
    )
    (fp_line (start 1.48 -0.73) (end -1.48 -0.73) (layer B.CrtYd) (width 0.05))
    (fp_line (start 1.48 0.73) (end 1.48 -0.73) (layer B.CrtYd) (width 0.05))
    (fp_line (start -1.48 0.73) (end 1.48 0.73) (layer B.CrtYd) (width 0.05))
    (fp_line (start -1.48 -0.73) (end -1.48 0.73) (layer B.CrtYd) (width 0.05))
    (fp_line (start -0.162779 -0.51) (end 0.162779 -0.51) (layer B.SilkS) (width 0.12))
    (fp_line (start -0.162779 0.51) (end 0.162779 0.51) (layer B.SilkS) (width 0.12))
    (fp_line (start 0.8 -0.4) (end -0.8 -0.4) (layer B.Fab) (width 0.1))
    (fp_line (start 0.8 0.4) (end 0.8 -0.4) (layer B.Fab) (width 0.1))
    (fp_line (start -0.8 0.4) (end 0.8 0.4) (layer B.Fab) (width 0.1))
    (fp_line (start -0.8 -0.4) (end -0.8 0.4) (layer B.Fab) (width 0.1))
    (fp_text user %R (at 0 0) (layer B.Fab)
      (effects (font (size 0.75 0.75) (thickness 0.15)) (justify mirror))
    )
    (pad 2 smd roundrect (at 0.7875 0) (size 0.875 0.95) (layers B.Cu B.Paste B.Mask) (roundrect_rratio 0.25)
      (net 1 GND))
    (pad 1 smd roundrect (at -0.7875 0) (size 0.875 0.95) (layers B.Cu B.Paste B.Mask) (roundrect_rratio 0.25)
      (net 50 /BOOT0))
    (model ${KISYS3DMOD}/Resistor_SMD.3dshapes/R_0603_1608Metric.wrl
      (at (xyz 0 0 0))
      (scale (xyz 1 1 1))
      (rotate (xyz 0 0 0))
    )
  )

  (module Jumper:SolderJumper-2_P1.3mm_Open_RoundedPad1.0x1.5mm (layer B.Cu) (tedit 5B391E66) (tstamp 5F33719C)
    (at 115.2 52)
    (descr "SMD Solder Jumper, 1x1.5mm, rounded Pads, 0.3mm gap, open")
    (tags "solder jumper open")
    (path /5F4B5F79)
    (attr virtual)
    (fp_text reference JP101 (at 0 1.8) (layer B.SilkS) hide
      (effects (font (size 0.75 0.75) (thickness 0.15)) (justify mirror))
    )
    (fp_text value SolderJumper_2_Open (at -2.4 0.2) (layer B.Fab)
      (effects (font (size 0.75 0.75) (thickness 0.15)) (justify mirror))
    )
    (fp_line (start 1.65 -1.25) (end -1.65 -1.25) (layer B.CrtYd) (width 0.05))
    (fp_line (start 1.65 -1.25) (end 1.65 1.25) (layer B.CrtYd) (width 0.05))
    (fp_line (start -1.65 1.25) (end -1.65 -1.25) (layer B.CrtYd) (width 0.05))
    (fp_line (start -1.65 1.25) (end 1.65 1.25) (layer B.CrtYd) (width 0.05))
    (fp_line (start -0.7 1) (end 0.7 1) (layer B.SilkS) (width 0.12))
    (fp_line (start 1.4 0.3) (end 1.4 -0.3) (layer B.SilkS) (width 0.12))
    (fp_line (start 0.7 -1) (end -0.7 -1) (layer B.SilkS) (width 0.12))
    (fp_line (start -1.4 -0.3) (end -1.4 0.3) (layer B.SilkS) (width 0.12))
    (fp_arc (start -0.7 0.3) (end -0.7 1) (angle 90) (layer B.SilkS) (width 0.12))
    (fp_arc (start -0.7 -0.3) (end -1.4 -0.3) (angle 90) (layer B.SilkS) (width 0.12))
    (fp_arc (start 0.7 -0.3) (end 0.7 -1) (angle 90) (layer B.SilkS) (width 0.12))
    (fp_arc (start 0.7 0.3) (end 1.4 0.3) (angle 90) (layer B.SilkS) (width 0.12))
    (pad 2 smd custom (at 0.65 0) (size 1 0.5) (layers B.Cu B.Mask)
      (net 50 /BOOT0) (zone_connect 2)
      (options (clearance outline) (anchor rect))
      (primitives
        (gr_circle (center 0 -0.25) (end 0.5 -0.25) (width 0))
        (gr_circle (center 0 0.25) (end 0.5 0.25) (width 0))
        (gr_poly (pts
           (xy 0 0.75) (xy -0.5 0.75) (xy -0.5 -0.75) (xy 0 -0.75)) (width 0))
      ))
    (pad 1 smd custom (at -0.65 0) (size 1 0.5) (layers B.Cu B.Mask)
      (net 35 +3V3) (zone_connect 2)
      (options (clearance outline) (anchor rect))
      (primitives
        (gr_circle (center 0 -0.25) (end 0.5 -0.25) (width 0))
        (gr_circle (center 0 0.25) (end 0.5 0.25) (width 0))
        (gr_poly (pts
           (xy 0 0.75) (xy 0.5 0.75) (xy 0.5 -0.75) (xy 0 -0.75)) (width 0))
      ))
  )

  (module Resistor_SMD:R_0603_1608Metric (layer F.Cu) (tedit 5B301BBD) (tstamp 5F3373E8)
    (at 108.3875 57.8)
    (descr "Resistor SMD 0603 (1608 Metric), square (rectangular) end terminal, IPC_7351 nominal, (Body size source: http://www.tortai-tech.com/upload/download/2011102023233369053.pdf), generated with kicad-footprint-generator")
    (tags resistor)
    (path /5F4910E3)
    (attr smd)
    (fp_text reference R104 (at 0 -1.43) (layer F.SilkS)
      (effects (font (size 0.75 0.75) (thickness 0.15)))
    )
    (fp_text value 180 (at 0.0125 0) (layer F.Fab)
      (effects (font (size 0.75 0.75) (thickness 0.15)))
    )
    (fp_line (start 1.48 0.73) (end -1.48 0.73) (layer F.CrtYd) (width 0.05))
    (fp_line (start 1.48 -0.73) (end 1.48 0.73) (layer F.CrtYd) (width 0.05))
    (fp_line (start -1.48 -0.73) (end 1.48 -0.73) (layer F.CrtYd) (width 0.05))
    (fp_line (start -1.48 0.73) (end -1.48 -0.73) (layer F.CrtYd) (width 0.05))
    (fp_line (start -0.162779 0.51) (end 0.162779 0.51) (layer F.SilkS) (width 0.12))
    (fp_line (start -0.162779 -0.51) (end 0.162779 -0.51) (layer F.SilkS) (width 0.12))
    (fp_line (start 0.8 0.4) (end -0.8 0.4) (layer F.Fab) (width 0.1))
    (fp_line (start 0.8 -0.4) (end 0.8 0.4) (layer F.Fab) (width 0.1))
    (fp_line (start -0.8 -0.4) (end 0.8 -0.4) (layer F.Fab) (width 0.1))
    (fp_line (start -0.8 0.4) (end -0.8 -0.4) (layer F.Fab) (width 0.1))
    (fp_text user %R (at -2.4875 0) (layer F.Fab)
      (effects (font (size 0.75 0.75) (thickness 0.15)))
    )
    (pad 2 smd roundrect (at 0.7875 0) (size 0.875 0.95) (layers F.Cu F.Paste F.Mask) (roundrect_rratio 0.25)
      (net 47 /STATUS1))
    (pad 1 smd roundrect (at -0.7875 0) (size 0.875 0.95) (layers F.Cu F.Paste F.Mask) (roundrect_rratio 0.25)
      (net 49 "Net-(H202-Pad13)"))
    (model ${KISYS3DMOD}/Resistor_SMD.3dshapes/R_0603_1608Metric.wrl
      (at (xyz 0 0 0))
      (scale (xyz 1 1 1))
      (rotate (xyz 0 0 0))
    )
  )

  (module Resistor_SMD:R_0603_1608Metric (layer F.Cu) (tedit 5B301BBD) (tstamp 5F335B96)
    (at 108.4125 59.4)
    (descr "Resistor SMD 0603 (1608 Metric), square (rectangular) end terminal, IPC_7351 nominal, (Body size source: http://www.tortai-tech.com/upload/download/2011102023233369053.pdf), generated with kicad-footprint-generator")
    (tags resistor)
    (path /5F491049)
    (attr smd)
    (fp_text reference R103 (at -0.0125 1.4) (layer F.SilkS)
      (effects (font (size 0.75 0.75) (thickness 0.15)))
    )
    (fp_text value 180 (at 0.0875 0) (layer F.Fab)
      (effects (font (size 0.75 0.75) (thickness 0.15)))
    )
    (fp_line (start 1.48 0.73) (end -1.48 0.73) (layer F.CrtYd) (width 0.05))
    (fp_line (start 1.48 -0.73) (end 1.48 0.73) (layer F.CrtYd) (width 0.05))
    (fp_line (start -1.48 -0.73) (end 1.48 -0.73) (layer F.CrtYd) (width 0.05))
    (fp_line (start -1.48 0.73) (end -1.48 -0.73) (layer F.CrtYd) (width 0.05))
    (fp_line (start -0.162779 0.51) (end 0.162779 0.51) (layer F.SilkS) (width 0.12))
    (fp_line (start -0.162779 -0.51) (end 0.162779 -0.51) (layer F.SilkS) (width 0.12))
    (fp_line (start 0.8 0.4) (end -0.8 0.4) (layer F.Fab) (width 0.1))
    (fp_line (start 0.8 -0.4) (end 0.8 0.4) (layer F.Fab) (width 0.1))
    (fp_line (start -0.8 -0.4) (end 0.8 -0.4) (layer F.Fab) (width 0.1))
    (fp_line (start -0.8 0.4) (end -0.8 -0.4) (layer F.Fab) (width 0.1))
    (fp_text user %R (at -2.5125 0) (layer F.Fab)
      (effects (font (size 0.75 0.75) (thickness 0.15)))
    )
    (pad 2 smd roundrect (at 0.7875 0) (size 0.875 0.95) (layers F.Cu F.Paste F.Mask) (roundrect_rratio 0.25)
      (net 46 /STATUS0))
    (pad 1 smd roundrect (at -0.7875 0) (size 0.875 0.95) (layers F.Cu F.Paste F.Mask) (roundrect_rratio 0.25)
      (net 48 "Net-(H202-Pad15)"))
    (model ${KISYS3DMOD}/Resistor_SMD.3dshapes/R_0603_1608Metric.wrl
      (at (xyz 0 0 0))
      (scale (xyz 1 1 1))
      (rotate (xyz 0 0 0))
    )
  )

  (module Resistor_SMD:R_0603_1608Metric (layer F.Cu) (tedit 5B301BBD) (tstamp 5F33515A)
    (at 132.8 71.3875 90)
    (descr "Resistor SMD 0603 (1608 Metric), square (rectangular) end terminal, IPC_7351 nominal, (Body size source: http://www.tortai-tech.com/upload/download/2011102023233369053.pdf), generated with kicad-footprint-generator")
    (tags resistor)
    (path /5F48E8F4)
    (attr smd)
    (fp_text reference R101 (at 0 -1.43 90) (layer F.SilkS)
      (effects (font (size 0.75 0.75) (thickness 0.15)))
    )
    (fp_text value 1k (at 0 1.43 90) (layer F.Fab)
      (effects (font (size 0.75 0.75) (thickness 0.15)))
    )
    (fp_line (start 1.48 0.73) (end -1.48 0.73) (layer F.CrtYd) (width 0.05))
    (fp_line (start 1.48 -0.73) (end 1.48 0.73) (layer F.CrtYd) (width 0.05))
    (fp_line (start -1.48 -0.73) (end 1.48 -0.73) (layer F.CrtYd) (width 0.05))
    (fp_line (start -1.48 0.73) (end -1.48 -0.73) (layer F.CrtYd) (width 0.05))
    (fp_line (start -0.162779 0.51) (end 0.162779 0.51) (layer F.SilkS) (width 0.12))
    (fp_line (start -0.162779 -0.51) (end 0.162779 -0.51) (layer F.SilkS) (width 0.12))
    (fp_line (start 0.8 0.4) (end -0.8 0.4) (layer F.Fab) (width 0.1))
    (fp_line (start 0.8 -0.4) (end 0.8 0.4) (layer F.Fab) (width 0.1))
    (fp_line (start -0.8 -0.4) (end 0.8 -0.4) (layer F.Fab) (width 0.1))
    (fp_line (start -0.8 0.4) (end -0.8 -0.4) (layer F.Fab) (width 0.1))
    (fp_text user %R (at 0 0 90) (layer F.Fab)
      (effects (font (size 0.75 0.75) (thickness 0.15)))
    )
    (pad 2 smd roundrect (at 0.7875 0 90) (size 0.875 0.95) (layers F.Cu F.Paste F.Mask) (roundrect_rratio 0.25)
      (net 45 /BACKLIGHT_PWM))
    (pad 1 smd roundrect (at -0.7875 0 90) (size 0.875 0.95) (layers F.Cu F.Paste F.Mask) (roundrect_rratio 0.25)
      (net 43 "Net-(Q101-Pad1)"))
    (model ${KISYS3DMOD}/Resistor_SMD.3dshapes/R_0603_1608Metric.wrl
      (at (xyz 0 0 0))
      (scale (xyz 1 1 1))
      (rotate (xyz 0 0 0))
    )
  )

  (module Package_TO_SOT_SMD:SOT-23 (layer F.Cu) (tedit 5A02FF57) (tstamp 5F335134)
    (at 135.8 71.6)
    (descr "SOT-23, Standard")
    (tags SOT-23)
    (path /5F48E1BA)
    (attr smd)
    (fp_text reference Q101 (at -0.6 2.4) (layer F.SilkS)
      (effects (font (size 0.75 0.75) (thickness 0.15)))
    )
    (fp_text value ZXTN08400BFF (at 0 2.5) (layer F.Fab)
      (effects (font (size 0.75 0.75) (thickness 0.15)))
    )
    (fp_line (start 0.76 1.58) (end -0.7 1.58) (layer F.SilkS) (width 0.12))
    (fp_line (start 0.76 -1.58) (end -1.4 -1.58) (layer F.SilkS) (width 0.12))
    (fp_line (start -1.7 1.75) (end -1.7 -1.75) (layer F.CrtYd) (width 0.05))
    (fp_line (start 1.7 1.75) (end -1.7 1.75) (layer F.CrtYd) (width 0.05))
    (fp_line (start 1.7 -1.75) (end 1.7 1.75) (layer F.CrtYd) (width 0.05))
    (fp_line (start -1.7 -1.75) (end 1.7 -1.75) (layer F.CrtYd) (width 0.05))
    (fp_line (start 0.76 -1.58) (end 0.76 -0.65) (layer F.SilkS) (width 0.12))
    (fp_line (start 0.76 1.58) (end 0.76 0.65) (layer F.SilkS) (width 0.12))
    (fp_line (start -0.7 1.52) (end 0.7 1.52) (layer F.Fab) (width 0.1))
    (fp_line (start 0.7 -1.52) (end 0.7 1.52) (layer F.Fab) (width 0.1))
    (fp_line (start -0.7 -0.95) (end -0.15 -1.52) (layer F.Fab) (width 0.1))
    (fp_line (start -0.15 -1.52) (end 0.7 -1.52) (layer F.Fab) (width 0.1))
    (fp_line (start -0.7 -0.95) (end -0.7 1.5) (layer F.Fab) (width 0.1))
    (fp_text user %R (at 0 0 -270) (layer F.Fab)
      (effects (font (size 0.75 0.75) (thickness 0.15)))
    )
    (pad 3 smd rect (at 1 0) (size 0.9 0.8) (layers F.Cu F.Paste F.Mask)
      (net 51 "Net-(Q101-Pad3)"))
    (pad 2 smd rect (at -1 0.95) (size 0.9 0.8) (layers F.Cu F.Paste F.Mask)
      (net 1 GND))
    (pad 1 smd rect (at -1 -0.95) (size 0.9 0.8) (layers F.Cu F.Paste F.Mask)
      (net 43 "Net-(Q101-Pad1)"))
    (model ${KISYS3DMOD}/Package_TO_SOT_SMD.3dshapes/SOT-23.wrl
      (at (xyz 0 0 0))
      (scale (xyz 1 1 1))
      (rotate (xyz 0 0 0))
    )
  )

  (module Capacitor_SMD:C_0603_1608Metric (layer B.Cu) (tedit 5B301BBE) (tstamp 5F332E6A)
    (at 132.4 62.5875 270)
    (descr "Capacitor SMD 0603 (1608 Metric), square (rectangular) end terminal, IPC_7351 nominal, (Body size source: http://www.tortai-tech.com/upload/download/2011102023233369053.pdf), generated with kicad-footprint-generator")
    (tags capacitor)
    (path /5F4826E1)
    (attr smd)
    (fp_text reference C109 (at 0 1.43 270) (layer B.SilkS)
      (effects (font (size 0.75 0.75) (thickness 0.15)) (justify mirror))
    )
    (fp_text value "2µ2 tant" (at 4.7125 0 270) (layer B.Fab)
      (effects (font (size 0.75 0.75) (thickness 0.15)) (justify mirror))
    )
    (fp_line (start 1.48 -0.73) (end -1.48 -0.73) (layer B.CrtYd) (width 0.05))
    (fp_line (start 1.48 0.73) (end 1.48 -0.73) (layer B.CrtYd) (width 0.05))
    (fp_line (start -1.48 0.73) (end 1.48 0.73) (layer B.CrtYd) (width 0.05))
    (fp_line (start -1.48 -0.73) (end -1.48 0.73) (layer B.CrtYd) (width 0.05))
    (fp_line (start -0.162779 -0.51) (end 0.162779 -0.51) (layer B.SilkS) (width 0.12))
    (fp_line (start -0.162779 0.51) (end 0.162779 0.51) (layer B.SilkS) (width 0.12))
    (fp_line (start 0.8 -0.4) (end -0.8 -0.4) (layer B.Fab) (width 0.1))
    (fp_line (start 0.8 0.4) (end 0.8 -0.4) (layer B.Fab) (width 0.1))
    (fp_line (start -0.8 0.4) (end 0.8 0.4) (layer B.Fab) (width 0.1))
    (fp_line (start -0.8 -0.4) (end -0.8 0.4) (layer B.Fab) (width 0.1))
    (fp_text user %R (at 0 0 270) (layer B.Fab)
      (effects (font (size 0.75 0.75) (thickness 0.15)) (justify mirror))
    )
    (pad 2 smd roundrect (at 0.7875 0 270) (size 0.875 0.95) (layers B.Cu B.Paste B.Mask) (roundrect_rratio 0.25)
      (net 1 GND))
    (pad 1 smd roundrect (at -0.7875 0 270) (size 0.875 0.95) (layers B.Cu B.Paste B.Mask) (roundrect_rratio 0.25)
      (net 35 +3V3))
    (model ${KISYS3DMOD}/Capacitor_SMD.3dshapes/C_0603_1608Metric.wrl
      (at (xyz 0 0 0))
      (scale (xyz 1 1 1))
      (rotate (xyz 0 0 0))
    )
  )

  (module Capacitor_SMD:C_0603_1608Metric (layer B.Cu) (tedit 5B301BBE) (tstamp 5F332E9A)
    (at 134.4 62.2125 270)
    (descr "Capacitor SMD 0603 (1608 Metric), square (rectangular) end terminal, IPC_7351 nominal, (Body size source: http://www.tortai-tech.com/upload/download/2011102023233369053.pdf), generated with kicad-footprint-generator")
    (tags capacitor)
    (path /5F47FE65)
    (attr smd)
    (fp_text reference C108 (at 0 -1.2 270) (layer B.SilkS)
      (effects (font (size 0.75 0.75) (thickness 0.15)) (justify mirror))
    )
    (fp_text value 470p (at 0 -1.43 270) (layer B.Fab)
      (effects (font (size 0.75 0.75) (thickness 0.15)) (justify mirror))
    )
    (fp_line (start 1.48 -0.73) (end -1.48 -0.73) (layer B.CrtYd) (width 0.05))
    (fp_line (start 1.48 0.73) (end 1.48 -0.73) (layer B.CrtYd) (width 0.05))
    (fp_line (start -1.48 0.73) (end 1.48 0.73) (layer B.CrtYd) (width 0.05))
    (fp_line (start -1.48 -0.73) (end -1.48 0.73) (layer B.CrtYd) (width 0.05))
    (fp_line (start -0.162779 -0.51) (end 0.162779 -0.51) (layer B.SilkS) (width 0.12))
    (fp_line (start -0.162779 0.51) (end 0.162779 0.51) (layer B.SilkS) (width 0.12))
    (fp_line (start 0.8 -0.4) (end -0.8 -0.4) (layer B.Fab) (width 0.1))
    (fp_line (start 0.8 0.4) (end 0.8 -0.4) (layer B.Fab) (width 0.1))
    (fp_line (start -0.8 0.4) (end 0.8 0.4) (layer B.Fab) (width 0.1))
    (fp_line (start -0.8 -0.4) (end -0.8 0.4) (layer B.Fab) (width 0.1))
    (fp_text user %R (at 0 0 270) (layer B.Fab)
      (effects (font (size 0.75 0.75) (thickness 0.15)) (justify mirror))
    )
    (pad 2 smd roundrect (at 0.7875 0 270) (size 0.875 0.95) (layers B.Cu B.Paste B.Mask) (roundrect_rratio 0.25)
      (net 1 GND))
    (pad 1 smd roundrect (at -0.7875 0 270) (size 0.875 0.95) (layers B.Cu B.Paste B.Mask) (roundrect_rratio 0.25)
      (net 44 "Net-(C108-Pad1)"))
    (model ${KISYS3DMOD}/Capacitor_SMD.3dshapes/C_0603_1608Metric.wrl
      (at (xyz 0 0 0))
      (scale (xyz 1 1 1))
      (rotate (xyz 0 0 0))
    )
  )

  (module Package_TO_SOT_SMD:SOT-23-5 (layer F.Cu) (tedit 5A02FF57) (tstamp 5F332ED7)
    (at 133.5 62.5 90)
    (descr "5-pin SOT23 package")
    (tags SOT-23-5)
    (path /5F47D4A6)
    (attr smd)
    (fp_text reference U102 (at 0 -2.9 90) (layer F.SilkS)
      (effects (font (size 0.75 0.75) (thickness 0.15)))
    )
    (fp_text value MIC5205-3.3YM5 (at -1.5 1 180) (layer F.Fab)
      (effects (font (size 0.75 0.75) (thickness 0.15)))
    )
    (fp_line (start 0.9 -1.55) (end 0.9 1.55) (layer F.Fab) (width 0.1))
    (fp_line (start 0.9 1.55) (end -0.9 1.55) (layer F.Fab) (width 0.1))
    (fp_line (start -0.9 -0.9) (end -0.9 1.55) (layer F.Fab) (width 0.1))
    (fp_line (start 0.9 -1.55) (end -0.25 -1.55) (layer F.Fab) (width 0.1))
    (fp_line (start -0.9 -0.9) (end -0.25 -1.55) (layer F.Fab) (width 0.1))
    (fp_line (start -1.9 1.8) (end -1.9 -1.8) (layer F.CrtYd) (width 0.05))
    (fp_line (start 1.9 1.8) (end -1.9 1.8) (layer F.CrtYd) (width 0.05))
    (fp_line (start 1.9 -1.8) (end 1.9 1.8) (layer F.CrtYd) (width 0.05))
    (fp_line (start -1.9 -1.8) (end 1.9 -1.8) (layer F.CrtYd) (width 0.05))
    (fp_line (start 0.9 -1.61) (end -1.55 -1.61) (layer F.SilkS) (width 0.12))
    (fp_line (start -0.9 1.61) (end 0.9 1.61) (layer F.SilkS) (width 0.12))
    (fp_text user %R (at 0 0) (layer F.Fab)
      (effects (font (size 0.75 0.75) (thickness 0.15)))
    )
    (pad 5 smd rect (at 1.1 -0.95 90) (size 1.06 0.65) (layers F.Cu F.Paste F.Mask)
      (net 35 +3V3))
    (pad 4 smd rect (at 1.1 0.95 90) (size 1.06 0.65) (layers F.Cu F.Paste F.Mask)
      (net 44 "Net-(C108-Pad1)"))
    (pad 3 smd rect (at -1.1 0.95 90) (size 1.06 0.65) (layers F.Cu F.Paste F.Mask)
      (net 7 +5V))
    (pad 2 smd rect (at -1.1 0 90) (size 1.06 0.65) (layers F.Cu F.Paste F.Mask)
      (net 1 GND))
    (pad 1 smd rect (at -1.1 -0.95 90) (size 1.06 0.65) (layers F.Cu F.Paste F.Mask)
      (net 7 +5V))
    (model ${KISYS3DMOD}/Package_TO_SOT_SMD.3dshapes/SOT-23-5.wrl
      (at (xyz 0 0 0))
      (scale (xyz 1 1 1))
      (rotate (xyz 0 0 0))
    )
  )

  (module Connector_PinHeader_1.27mm:PinHeader_2x05_P1.27mm_Vertical_SMD (layer B.Cu) (tedit 59FED6E3) (tstamp 5F332E71)
    (at 132.06 53.65 270)
    (descr "surface-mounted straight pin header, 2x05, 1.27mm pitch, double rows")
    (tags "Surface mounted pin header SMD 2x05 1.27mm double row")
    (path /5F469C3E)
    (attr smd)
    (fp_text reference J101 (at 4.15 0.06 180) (layer B.SilkS)
      (effects (font (size 0.75 0.75) (thickness 0.15)) (justify mirror))
    )
    (fp_text value Conn_ARM_JTAG_SWD_10 (at 3.85 0.36 180) (layer B.Fab)
      (effects (font (size 0.75 0.75) (thickness 0.15)) (justify mirror))
    )
    (fp_line (start 4.3 3.7) (end -4.3 3.7) (layer B.CrtYd) (width 0.05))
    (fp_line (start 4.3 -3.7) (end 4.3 3.7) (layer B.CrtYd) (width 0.05))
    (fp_line (start -4.3 -3.7) (end 4.3 -3.7) (layer B.CrtYd) (width 0.05))
    (fp_line (start -4.3 3.7) (end -4.3 -3.7) (layer B.CrtYd) (width 0.05))
    (fp_line (start 1.765 -3.17) (end 1.765 -3.235) (layer B.SilkS) (width 0.12))
    (fp_line (start -1.765 -3.17) (end -1.765 -3.235) (layer B.SilkS) (width 0.12))
    (fp_line (start 1.765 3.235) (end 1.765 3.17) (layer B.SilkS) (width 0.12))
    (fp_line (start -1.765 3.235) (end -1.765 3.17) (layer B.SilkS) (width 0.12))
    (fp_line (start -3.09 3.17) (end -1.765 3.17) (layer B.SilkS) (width 0.12))
    (fp_line (start -1.765 -3.235) (end 1.765 -3.235) (layer B.SilkS) (width 0.12))
    (fp_line (start -1.765 3.235) (end 1.765 3.235) (layer B.SilkS) (width 0.12))
    (fp_line (start 2.75 -2.74) (end 1.705 -2.74) (layer B.Fab) (width 0.1))
    (fp_line (start 2.75 -2.34) (end 2.75 -2.74) (layer B.Fab) (width 0.1))
    (fp_line (start 1.705 -2.34) (end 2.75 -2.34) (layer B.Fab) (width 0.1))
    (fp_line (start -2.75 -2.74) (end -1.705 -2.74) (layer B.Fab) (width 0.1))
    (fp_line (start -2.75 -2.34) (end -2.75 -2.74) (layer B.Fab) (width 0.1))
    (fp_line (start -1.705 -2.34) (end -2.75 -2.34) (layer B.Fab) (width 0.1))
    (fp_line (start 2.75 -1.47) (end 1.705 -1.47) (layer B.Fab) (width 0.1))
    (fp_line (start 2.75 -1.07) (end 2.75 -1.47) (layer B.Fab) (width 0.1))
    (fp_line (start 1.705 -1.07) (end 2.75 -1.07) (layer B.Fab) (width 0.1))
    (fp_line (start -2.75 -1.47) (end -1.705 -1.47) (layer B.Fab) (width 0.1))
    (fp_line (start -2.75 -1.07) (end -2.75 -1.47) (layer B.Fab) (width 0.1))
    (fp_line (start -1.705 -1.07) (end -2.75 -1.07) (layer B.Fab) (width 0.1))
    (fp_line (start 2.75 -0.2) (end 1.705 -0.2) (layer B.Fab) (width 0.1))
    (fp_line (start 2.75 0.2) (end 2.75 -0.2) (layer B.Fab) (width 0.1))
    (fp_line (start 1.705 0.2) (end 2.75 0.2) (layer B.Fab) (width 0.1))
    (fp_line (start -2.75 -0.2) (end -1.705 -0.2) (layer B.Fab) (width 0.1))
    (fp_line (start -2.75 0.2) (end -2.75 -0.2) (layer B.Fab) (width 0.1))
    (fp_line (start -1.705 0.2) (end -2.75 0.2) (layer B.Fab) (width 0.1))
    (fp_line (start 2.75 1.07) (end 1.705 1.07) (layer B.Fab) (width 0.1))
    (fp_line (start 2.75 1.47) (end 2.75 1.07) (layer B.Fab) (width 0.1))
    (fp_line (start 1.705 1.47) (end 2.75 1.47) (layer B.Fab) (width 0.1))
    (fp_line (start -2.75 1.07) (end -1.705 1.07) (layer B.Fab) (width 0.1))
    (fp_line (start -2.75 1.47) (end -2.75 1.07) (layer B.Fab) (width 0.1))
    (fp_line (start -1.705 1.47) (end -2.75 1.47) (layer B.Fab) (width 0.1))
    (fp_line (start 2.75 2.34) (end 1.705 2.34) (layer B.Fab) (width 0.1))
    (fp_line (start 2.75 2.74) (end 2.75 2.34) (layer B.Fab) (width 0.1))
    (fp_line (start 1.705 2.74) (end 2.75 2.74) (layer B.Fab) (width 0.1))
    (fp_line (start -2.75 2.34) (end -1.705 2.34) (layer B.Fab) (width 0.1))
    (fp_line (start -2.75 2.74) (end -2.75 2.34) (layer B.Fab) (width 0.1))
    (fp_line (start -1.705 2.74) (end -2.75 2.74) (layer B.Fab) (width 0.1))
    (fp_line (start 1.705 3.175) (end 1.705 -3.175) (layer B.Fab) (width 0.1))
    (fp_line (start -1.705 2.74) (end -1.27 3.175) (layer B.Fab) (width 0.1))
    (fp_line (start -1.705 -3.175) (end -1.705 2.74) (layer B.Fab) (width 0.1))
    (fp_line (start -1.27 3.175) (end 1.705 3.175) (layer B.Fab) (width 0.1))
    (fp_line (start 1.705 -3.175) (end -1.705 -3.175) (layer B.Fab) (width 0.1))
    (fp_text user %R (at 0 0 180) (layer B.Fab)
      (effects (font (size 0.75 0.75) (thickness 0.15)) (justify mirror))
    )
    (pad 10 smd rect (at 1.95 -2.54 270) (size 2.4 0.74) (layers B.Cu B.Paste B.Mask)
      (net 34 /~RESET))
    (pad 9 smd rect (at -1.95 -2.54 270) (size 2.4 0.74) (layers B.Cu B.Paste B.Mask)
      (net 1 GND))
    (pad 8 smd rect (at 1.95 -1.27 270) (size 2.4 0.74) (layers B.Cu B.Paste B.Mask)
      (net 36 "Net-(J101-Pad8)"))
    (pad 7 smd rect (at -1.95 -1.27 270) (size 2.4 0.74) (layers B.Cu B.Paste B.Mask)
      (net 37 "Net-(J101-Pad7)"))
    (pad 6 smd rect (at 1.95 0 270) (size 2.4 0.74) (layers B.Cu B.Paste B.Mask)
      (net 38 "Net-(J101-Pad6)"))
    (pad 5 smd rect (at -1.95 0 270) (size 2.4 0.74) (layers B.Cu B.Paste B.Mask)
      (net 1 GND))
    (pad 4 smd rect (at 1.95 1.27 270) (size 2.4 0.74) (layers B.Cu B.Paste B.Mask)
      (net 32 /SWCLK))
    (pad 3 smd rect (at -1.95 1.27 270) (size 2.4 0.74) (layers B.Cu B.Paste B.Mask)
      (net 1 GND))
    (pad 2 smd rect (at 1.95 2.54 270) (size 2.4 0.74) (layers B.Cu B.Paste B.Mask)
      (net 33 /SWDIO))
    (pad 1 smd rect (at -1.95 2.54 270) (size 2.4 0.74) (layers B.Cu B.Paste B.Mask)
      (net 35 +3V3))
    (model ${KISYS3DMOD}/Connector_PinHeader_1.27mm.3dshapes/PinHeader_2x05_P1.27mm_Vertical_SMD.wrl
      (at (xyz 0 0 0))
      (scale (xyz 1 1 1))
      (rotate (xyz 0 0 0))
    )
  )

  (module Capacitor_SMD:C_0603_1608Metric (layer F.Cu) (tedit 5B301BBE) (tstamp 5F33ED72)
    (at 126.0125 61.8)
    (descr "Capacitor SMD 0603 (1608 Metric), square (rectangular) end terminal, IPC_7351 nominal, (Body size source: http://www.tortai-tech.com/upload/download/2011102023233369053.pdf), generated with kicad-footprint-generator")
    (tags capacitor)
    (path /5F470E2F)
    (attr smd)
    (fp_text reference C107 (at 0 -1.43) (layer F.SilkS)
      (effects (font (size 0.75 0.75) (thickness 0.15)))
    )
    (fp_text value 10µ (at 0 1.43) (layer F.Fab)
      (effects (font (size 0.75 0.75) (thickness 0.15)))
    )
    (fp_line (start 1.48 0.73) (end -1.48 0.73) (layer F.CrtYd) (width 0.05))
    (fp_line (start 1.48 -0.73) (end 1.48 0.73) (layer F.CrtYd) (width 0.05))
    (fp_line (start -1.48 -0.73) (end 1.48 -0.73) (layer F.CrtYd) (width 0.05))
    (fp_line (start -1.48 0.73) (end -1.48 -0.73) (layer F.CrtYd) (width 0.05))
    (fp_line (start -0.162779 0.51) (end 0.162779 0.51) (layer F.SilkS) (width 0.12))
    (fp_line (start -0.162779 -0.51) (end 0.162779 -0.51) (layer F.SilkS) (width 0.12))
    (fp_line (start 0.8 0.4) (end -0.8 0.4) (layer F.Fab) (width 0.1))
    (fp_line (start 0.8 -0.4) (end 0.8 0.4) (layer F.Fab) (width 0.1))
    (fp_line (start -0.8 -0.4) (end 0.8 -0.4) (layer F.Fab) (width 0.1))
    (fp_line (start -0.8 0.4) (end -0.8 -0.4) (layer F.Fab) (width 0.1))
    (fp_text user %R (at -0.0125 -1.1) (layer F.Fab)
      (effects (font (size 0.75 0.75) (thickness 0.15)))
    )
    (pad 2 smd roundrect (at 0.7875 0) (size 0.875 0.95) (layers F.Cu F.Paste F.Mask) (roundrect_rratio 0.25)
      (net 1 GND))
    (pad 1 smd roundrect (at -0.7875 0) (size 0.875 0.95) (layers F.Cu F.Paste F.Mask) (roundrect_rratio 0.25)
      (net 35 +3V3))
    (model ${KISYS3DMOD}/Capacitor_SMD.3dshapes/C_0603_1608Metric.wrl
      (at (xyz 0 0 0))
      (scale (xyz 1 1 1))
      (rotate (xyz 0 0 0))
    )
  )

  (module Capacitor_SMD:C_0603_1608Metric (layer B.Cu) (tedit 5B301BBE) (tstamp 5F332D6F)
    (at 121.2 55.9875 270)
    (descr "Capacitor SMD 0603 (1608 Metric), square (rectangular) end terminal, IPC_7351 nominal, (Body size source: http://www.tortai-tech.com/upload/download/2011102023233369053.pdf), generated with kicad-footprint-generator")
    (tags capacitor)
    (path /5F470A8B)
    (attr smd)
    (fp_text reference C106 (at 0 1.43 90) (layer B.SilkS)
      (effects (font (size 0.75 0.75) (thickness 0.15)) (justify mirror))
    )
    (fp_text value 0µ1 (at 0 -1.43 90) (layer B.Fab)
      (effects (font (size 0.75 0.75) (thickness 0.15)) (justify mirror))
    )
    (fp_line (start 1.48 -0.73) (end -1.48 -0.73) (layer B.CrtYd) (width 0.05))
    (fp_line (start 1.48 0.73) (end 1.48 -0.73) (layer B.CrtYd) (width 0.05))
    (fp_line (start -1.48 0.73) (end 1.48 0.73) (layer B.CrtYd) (width 0.05))
    (fp_line (start -1.48 -0.73) (end -1.48 0.73) (layer B.CrtYd) (width 0.05))
    (fp_line (start -0.162779 -0.51) (end 0.162779 -0.51) (layer B.SilkS) (width 0.12))
    (fp_line (start -0.162779 0.51) (end 0.162779 0.51) (layer B.SilkS) (width 0.12))
    (fp_line (start 0.8 -0.4) (end -0.8 -0.4) (layer B.Fab) (width 0.1))
    (fp_line (start 0.8 0.4) (end 0.8 -0.4) (layer B.Fab) (width 0.1))
    (fp_line (start -0.8 0.4) (end 0.8 0.4) (layer B.Fab) (width 0.1))
    (fp_line (start -0.8 -0.4) (end -0.8 0.4) (layer B.Fab) (width 0.1))
    (fp_text user %R (at 0 0 90) (layer B.Fab)
      (effects (font (size 0.75 0.75) (thickness 0.15)) (justify mirror))
    )
    (pad 2 smd roundrect (at 0.7875 0 270) (size 0.875 0.95) (layers B.Cu B.Paste B.Mask) (roundrect_rratio 0.25)
      (net 1 GND))
    (pad 1 smd roundrect (at -0.7875 0 270) (size 0.875 0.95) (layers B.Cu B.Paste B.Mask) (roundrect_rratio 0.25)
      (net 35 +3V3))
    (model ${KISYS3DMOD}/Capacitor_SMD.3dshapes/C_0603_1608Metric.wrl
      (at (xyz 0 0 0))
      (scale (xyz 1 1 1))
      (rotate (xyz 0 0 0))
    )
  )

  (module Capacitor_SMD:C_0603_1608Metric (layer B.Cu) (tedit 5B301BBE) (tstamp 5F34101C)
    (at 114.4125 54.8)
    (descr "Capacitor SMD 0603 (1608 Metric), square (rectangular) end terminal, IPC_7351 nominal, (Body size source: http://www.tortai-tech.com/upload/download/2011102023233369053.pdf), generated with kicad-footprint-generator")
    (tags capacitor)
    (path /5F4702FF)
    (attr smd)
    (fp_text reference C104 (at 0 -1.2) (layer B.SilkS)
